1400079480,-70,0,0
1400079480,-70,0,0
1400079480,-71,0,0
1400079481,-71,-92,0
1400079481,-71,-92,0
1400079481,-73,-92,0
1400079482,-73,-93,0
1400079482,-73,-93,0
1400079482,-80,-93,0
1400079483,-80,0,0
1400079483,-80,0,0
1400079483,-84,0,0
1400079484,-84,0,0
1400079484,-84,0,0
1400079484,-85,0,0
1400079485,-85,0,0
1400079485,-85,0,0
1400079485,-85,0,0
1400079486,-85,0,0
1400079486,-85,0,0
1400079486,-82,0,0
1400079487,-82,-89,0
1400079487,-82,-89,0
1400079487,-72,-89,0
1400079488,-72,-88,0
1400079488,-72,-88,0
1400079488,-70,-88,0
1400079489,-70,-89,0
1400079489,-70,-89,0
1400079489,-73,-89,0
1400079490,-73,-91,0
1400079490,-73,-91,0
1400079490,-76,-91,0
1400079491,-76,0,0
1400079491,-76,0,0
1400079491,-80,0,0
1400079492,-80,0,0
1400079492,-80,0,0
1400079492,-82,0,0
1400079493,-82,0,0
1400079493,-82,0,0
1400079493,-83,0,0
1400079494,-83,0,0
1400079494,-83,0,0
1400079494,-82,0,0
1400079495,-82,0,0
1400079495,-82,0,0
1400079495,-80,0,0
1400079496,-80,0,0
1400079496,-80,0,0
1400079496,-80,0,0
1400079497,-80,-91,0
1400079497,-80,-91,0
1400079497,-73,-91,0
1400079499,-73,-89,0
1400079499,-73,-89,0
1400079499,-71,-89,0
1400079499,-71,-86,0
1400079499,-71,-86,0
1400079499,-72,-86,0
1400079500,-72,-91,0
1400079500,-72,-91,0
1400079500,-75,-91,0
1400079501,-75,0,0
1400079501,-75,0,0
1400079501,-78,0,0
1400079502,-78,0,0
1400079502,-78,0,0
1400079502,-83,0,0
1400079503,-83,0,0
1400079503,-83,0,0
1400079503,-82,0,0
1400079504,-82,0,0
1400079504,-82,0,0
1400079504,-82,0,0
1400079505,-82,0,0
1400079505,-82,0,0
1400079505,-81,0,0
1400079506,-81,0,0
1400079506,-81,0,0
1400079506,-82,0,0
1400079507,-82,0,0
1400079507,-82,0,0
1400079507,-83,0,0
1400079508,-83,0,0
1400079508,-83,0,0
1400079508,-82,0,0
1400079509,-82,0,0
1400079509,-82,0,0
1400079509,-80,0,0
1400079510,-80,0,0
1400079510,-80,0,0
1400079510,-78,0,0
1400079511,-78,0,0
1400079511,-78,0,0
1400079511,-78,0,0
1400079512,-78,0,0
1400079512,-78,0,0
1400079512,-79,0,0
1400079513,-79,0,0
1400079513,-79,0,0
1400079513,-79,0,0
1400079514,-79,0,0
1400079514,-79,0,0
1400079514,-71,0,0
1400079515,-71,-90,0
1400079515,-71,-90,0
1400079515,-70,-90,0
1400079516,-70,-92,0
1400079516,-70,-92,0
1400079516,-78,-92,0
1400079517,-78,0,0
1400079517,-78,0,0
1400079517,-73,0,0
1400079518,-73,0,0
1400079518,-73,0,0
1400079518,-74,0,0
1400079519,-74,0,0
1400079519,-74,0,0
1400079519,-74,0,0
1400079520,-74,0,0
1400079520,-74,0,0
1400079520,-75,0,0
1400079521,-75,-87,0
1400079521,-75,-87,0
1400079521,-77,-87,0
1400079522,-77,-88,0
1400079522,-77,-88,0
1400079522,-78,-88,0
1400079523,-78,0,0
1400079523,-78,0,0
1400079523,-75,0,0
1400079524,-75,0,0
1400079524,-75,0,0
1400079524,-78,0,0
1400079525,-78,0,0
1400079525,-78,0,0
1400079525,-84,0,0
1400079526,-84,0,0
1400079526,-84,0,0
1400079526,-83,0,0
1400079527,-83,0,0
1400079527,-83,0,0
1400079527,-82,0,0
1400079528,-82,0,0
1400079528,-82,0,0
1400079528,-83,0,0
1400079529,-83,0,0
1400079529,-83,0,0
1400079529,-83,0,0
1400079530,-83,0,0
1400079530,-83,0,0
1400079530,-82,0,0
1400079531,-82,0,0
1400079531,-82,0,0
1400079531,-84,0,0
1400079532,-84,0,0
1400079532,-84,0,0
1400079532,-79,0,0
1400079533,-79,0,0
1400079533,-77,0,0
1400079534,-77,0,0
1400079534,-77,0,0
1400079534,-77,0,0
1400079535,-77,0,0
1400079535,-77,0,0
1400079535,-77,0,0
1400079536,-77,-92,0
1400079536,-77,-92,0
1400079536,-78,-92,0
1400079537,-78,-90,0
1400079537,-78,-90,0
1400079537,-78,-90,0
1400079538,-78,-87,0
1400079538,-78,-87,0
1400079538,-75,-87,0
1400079539,-75,-86,0
1400079539,-75,-86,0
1400079539,-69,-86,0
1400079540,-69,-85,0
1400079540,-69,-85,0
1400079540,-69,-85,0
1400079541,-69,-83,0
1400079541,-69,-83,0
1400079541,-68,-83,0
1400079542,-68,-82,0
1400079542,-68,-82,0
1400079542,-72,-82,0
1400079543,-72,-89,0
1400079543,-72,-89,0
1400079543,-76,-89,0
1400079544,-76,-92,0
1400079544,-76,-92,0
1400079544,-77,-92,0
1400079545,-77,-92,0
1400079545,-77,-92,0
1400079545,-79,-92,0
1400079546,-79,0,0
1400079546,-79,0,0
1400079546,-79,0,0
1400079547,-79,-88,0
1400079547,-79,-88,0
1400079547,-79,-88,0
1400079548,-79,-85,0
1400079548,-79,-85,0
1400079548,-75,-85,0
1400079549,-75,-86,0
1400079549,-75,-86,0
1400079549,-68,-86,0
1400079550,-68,-86,0
1400079550,-68,-86,0
1400079550,-68,-86,0
1400079551,-68,-85,0
1400079551,-68,-85,0
1400079551,-73,-85,0
1400079552,-73,-88,0
1400079552,-73,-88,0
1400079552,-73,-88,0
1400079553,-73,-90,0
1400079553,-73,-90,0
1400079553,-79,-90,0
1400079554,-79,0,0
1400079554,-79,0,0
1400079554,-81,0,0
1400079555,-81,0,0
1400079555,-81,0,0
1400079555,-79,0,0
1400079556,-79,0,0
1400079556,-79,0,0
1400079556,-76,0,0
1400079557,-76,0,0
1400079557,-76,0,0
1400079557,-78,0,0
1400079558,-78,0,0
1400079558,-78,0,0
1400079558,-81,0,0
1400079559,-81,0,0
1400079559,-81,0,0
1400079559,-82,0,0
1400079560,-82,0,0
1400079560,-82,0,0
1400079560,-82,0,0
1400079561,-82,0,0
1400079561,-82,0,0
1400079561,-80,0,0
1400079562,-80,0,0
1400079562,-80,0,0
1400079562,-78,0,0
1400079563,-78,0,0
1400079563,-78,0,0
1400079563,-79,0,0
1400079564,-79,0,0
1400079564,-79,0,0
1400079564,-77,0,0
1400079565,-77,0,0
1400079565,-77,0,0
1400079565,-77,0,0
1400079566,-77,0,0
1400079566,-77,0,0
1400079566,-82,0,0
1400079567,-82,0,0
1400079567,-82,0,0
1400079567,-84,0,0
1400079568,-84,0,0
1400079568,-84,0,0
1400079568,-84,0,0
1400079569,-84,0,0
1400079569,-84,0,0
1400079569,-79,0,0
1400079570,-79,-91,0
1400079570,-79,-91,0
1400079570,-69,-91,0
1400079571,-69,-88,0
1400079571,-69,-88,0
1400079571,-70,-88,0
1400079572,-70,-87,0
1400079572,-70,-87,0
1400079572,-73,-87,0
1400079573,-73,-88,0
1400079573,-73,-88,0
1400079573,-75,-88,0
1400079574,-75,-87,0
1400079574,-75,-87,0
1400079574,-72,-87,0
1400079575,-72,-86,0
1400079575,-72,-86,0
1400079575,-71,-86,0
1400079576,-71,-85,0
1400079576,-71,-85,0
1400079576,-71,-85,0
1400079577,-71,-87,0
1400079577,-71,-87,0
1400079577,-72,-87,0
1400079578,-72,-91,0
1400079578,-72,-91,0
1400079578,-74,-91,0
1400079579,-74,0,0
1400079579,-74,0,0
1400079579,-77,0,0
1400079580,-77,0,0
1400079580,-77,0,0
1400079580,-78,0,0
1400079581,-78,0,0
1400079581,-78,0,0
1400079581,-78,0,0
1400079582,-78,0,0
1400079582,-78,0,0
1400079582,-77,0,0
1400079583,-77,0,0
1400079583,-77,0,0
1400079583,-77,0,0
1400079584,-77,0,0
1400079584,-77,0,0
1400079584,-76,0,0
1400079585,-76,-89,0
1400079585,-76,-89,0
1400079585,-78,-89,0
1400079586,-78,-86,0
1400079586,-78,-86,0
1400079586,-76,-86,0
1400079587,-76,-85,0
1400079587,-76,-85,0
1400079587,-72,-85,0
1400079588,-72,-85,0
1400079588,-72,-85,0
1400079588,-69,-85,0
1400079589,-69,-83,0
1400079589,-69,-83,0
1400079589,-64,-83,0
1400079590,-64,-86,0
1400079590,-64,-86,0
1400079590,-69,-86,0
1400079591,-69,-90,0
1400079591,-69,-90,0
1400079591,-76,-90,0
1400079592,-76,-89,0
1400079592,-76,-89,0
1400079592,-78,-89,0
1400079593,-78,-91,0
1400079593,-78,-91,0
1400079593,-76,-91,0
1400079594,-76,0,0
1400079594,-76,0,0
1400079594,-75,0,0
1400079595,-75,0,0
1400079595,-75,0,0
1400079595,-72,0,0
1400079596,-72,-89,0
1400079596,-72,-89,0
1400079596,-73,-89,0
1400079597,-73,-87,0
1400079597,-73,-87,0
1400079597,-80,-87,0
1400079598,-80,-89,0
1400079598,-80,-89,0
1400079598,-77,-89,0
1400079599,-77,-88,0
1400079599,-77,-88,0
1400079599,-72,-88,0
1400079600,-72,-89,0
1400079600,-72,-89,0
1400079600,-71,-89,0
1400079601,-71,-91,0
1400079601,-71,-91,0
1400079601,-78,-91,0
