1400504908,-82,-70,-99
1400504909,-82,-70,-99
1400504909,-84,-70,-99
1400504909,-84,-71,-99
1400504909,-84,-71,-99
1400504909,-84,-71,-99
1400504910,-84,-71,-99
1400504910,-84,-71,-99
1400504910,-80,-71,-99
1400504911,-80,-69,-99
1400504911,-80,-69,-99
1400504911,-79,-69,-99
1400504912,-79,-68,-99
1400504912,-79,-68,-99
1400504913,-79,-68,-99
1400504913,-79,-68,-99
1400504913,-79,-68,-99
1400504913,-79,-68,-99
1400504914,-79,-68,-99
1400504914,-79,-68,-99
1400504914,-79,-68,-99
1400504915,-79,-67,-99
1400504915,-79,-67,-99
1400504915,-79,-67,-99
1400504916,-79,-65,-99
1400504916,-79,-65,-99
1400504916,-79,-65,-99
1400504917,-79,-60,-99
1400504917,-79,-60,-99
1400504917,-82,-60,-99
1400504918,-82,-62,-99
1400504918,-82,-62,-99
1400504918,-83,-62,-99
1400504919,-83,-68,-99
1400504919,-83,-68,-99
1400504919,-81,-68,-99
1400504920,-81,-69,-99
1400504920,-81,-69,-99
1400504920,-81,-69,-99
1400504921,-81,-69,-99
1400504921,-81,-69,-99
1400504921,-83,-69,-99
1400504922,-83,-71,-99
1400504922,-83,-71,-99
1400504922,-83,-71,-99
1400504923,-83,-73,-99
1400504923,-83,-73,-99
1400504923,-85,-73,-99
1400504924,-85,-71,-99
1400504924,-85,-71,-99
1400504924,-84,-71,-99
1400504925,-84,-70,-99
1400504925,-84,-70,-99
1400504925,-82,-70,-99
1400504926,-82,-70,-99
1400504927,-82,-70,-99
1400504927,-81,-70,-99
1400504927,-81,-70,-99
1400504927,-81,-70,-99
1400504927,-80,-70,-99
1400504928,-80,-71,-99
1400504928,-80,-71,-99
1400504928,-78,-71,-99
1400504929,-78,-67,-99
1400504929,-78,-67,-99
1400504929,-78,-67,-99
1400504930,-78,-65,-99
1400504930,-78,-65,-99
1400504930,-79,-65,-99
1400504931,-79,-62,-99
1400504931,-79,-62,-99
1400504931,-80,-62,-99
1400504932,-80,-63,-99
1400504932,-80,-63,-99
1400504932,-80,-63,-99
1400504933,-80,-63,-99
1400504933,-80,-63,-99
1400504933,-79,-63,-99
1400504934,-79,-63,-99
1400504934,-79,-63,-99
1400504934,-79,-63,-99
1400504935,-79,-61,-99
1400504935,-79,-61,-99
1400504935,-79,-61,-99
1400504936,-79,-65,-99
1400504936,-79,-65,-99
1400504936,-82,-65,-99
1400504937,-82,-68,-99
1400504937,-82,-68,-99
1400504937,-83,-68,-99
1400504938,-83,-68,-99
1400504938,-83,-68,-99
1400504938,-82,-68,-99
1400504939,-82,-69,-99
1400504939,-82,-69,-99
1400504939,-83,-69,-99
1400504940,-83,-70,-99
1400504940,-83,-70,-99
1400504940,-82,-70,-99
1400504941,-82,-70,-99
1400504941,-82,-70,-99
1400504941,-82,-70,-99
1400504942,-82,-70,-99
1400504942,-82,-70,-99
1400504942,-83,-70,-99
1400504943,-83,-72,-99
1400504943,-83,-72,-99
1400504943,-84,-72,-99
1400504944,-84,-72,-99
1400504944,-84,-72,-99
1400504944,-82,-72,-99
1400504945,-82,-72,-99
1400504945,-82,-72,-99
1400504946,-81,-72,-99
1400504946,-81,-72,-99
1400504946,-81,-72,-99
1400504946,-81,-72,-99
1400504947,-81,-70,-99
1400504947,-81,-70,-99
1400504947,-80,-70,-99
1400504948,-80,-69,-99
1400504948,-80,-69,-99
1400504948,-80,-69,-99
1400504949,-80,-69,-99
1400504949,-80,-69,-99
1400504949,-79,-69,-99
1400504950,-79,-70,-99
1400504950,-79,-70,-99
1400504950,-79,-70,-99
1400504951,-79,-69,-99
1400504951,-79,-69,-99
1400504951,-86,-69,-99
1400504968,-82,-67,-99
1400504969,-82,-67,-99
1400504969,-81,-67,-99
1400504969,-81,-67,-99
1400504969,-81,-67,-99
1400504969,-82,-67,-99
1400504970,-82,-66,-99
1400504971,-82,-66,-99
1400504971,-81,-66,-99
1400504971,-81,-66,-99
1400504971,-81,-66,-99
1400504971,-81,-66,-99
1400504972,-81,-67,-99
1400504973,-81,-67,-99
1400504973,-81,-67,-99
1400504973,-81,-65,-99
1400504974,-81,-65,-99
1400504974,-81,-65,-99
1400504974,-81,-62,-99
1400504974,-81,-62,-99
1400504974,-81,-62,-99
1400504975,-81,-62,-99
1400504975,-81,-62,-99
1400504975,-81,-62,-99
1400504976,-81,-63,-99
1400504976,-81,-63,-99
1400504977,-83,-63,-99
1400504977,-83,-62,-99
1400504977,-83,-62,-99
1400504978,-83,-62,-99
1400504978,-83,-62,-99
1400504978,-83,-62,-99
1400504978,-82,-62,-99
1400504979,-82,-62,-99
1400504979,-82,-62,-99
1400504980,-81,-62,-99
1400504980,-81,-66,-99
1400504980,-81,-66,-99
1400504980,-83,-66,-99
1400504981,-83,-68,-99
1400504981,-83,-68,-99
1400504981,-83,-68,-99
1400504982,-83,-69,-99
1400504982,-83,-69,-99
1400504982,-81,-69,-99
1400504983,-81,-64,-99
1400504983,-81,-64,-99
1400504983,-83,-64,-99
1400504984,-83,-63,-99
1400504984,-83,-63,-99
1400504984,-80,-63,-99
1400504985,-80,-67,-99
1400504985,-80,-67,-99
1400504985,-81,-67,-99
1400504986,-81,-66,-99
1400504987,-81,-66,-99
1400504987,-82,-66,-99
1400504987,-82,-67,-99
1400504987,-82,-67,-99
1400504988,-82,-67,-99
1400504988,-82,-71,-99
1400504988,-82,-71,-99
1400504988,-85,-71,-99
1400504989,-85,-67,-99
1400504990,-85,-67,-99
1400504990,-84,-67,-99
1400504990,-84,-66,-99
1400504990,-84,-66,-99
1400504990,-82,-66,-99
1400504991,-82,-66,-99
1400504991,-82,-66,-99
1400504991,-79,-66,-99
1400504992,-79,-66,-99
1400504992,-79,-66,-99
1400504992,-83,-66,-99
1400504993,-83,-69,-99
1400504993,-83,-69,-99
1400504993,-86,-69,-99
1400504994,-86,-70,-99
1400504994,-86,-70,-99
1400504994,-86,-70,-99
1400504995,-86,-67,-99
1400504995,-86,-67,-99
1400504996,-82,-67,-99
1400504996,-82,-69,-99
1400504996,-82,-69,-99
1400504997,-81,-69,-99
1400504997,-81,-69,-99
1400504997,-81,-69,-99
1400504997,-82,-69,-99
1400504998,-82,-68,-99
1400504998,-82,-68,-99
1400504999,-81,-68,-99
1400504999,-81,-68,-99
1400504999,-81,-68,-99
1400504999,-83,-68,-99
1400505000,-83,-72,-99
1400505000,-83,-72,-99
1400505000,-82,-72,-99
1400505001,-82,-71,-99
1400505002,-82,-71,-99
1400505002,-84,-71,-99
1400505002,-84,-69,-99
1400505002,-84,-69,-99
1400505003,-85,-69,-99
1400505003,-85,-71,-99
1400505003,-85,-71,-99
1400505003,-86,-71,-99
1400505004,-86,-71,-99
1400505004,-86,-71,-99
1400505004,-84,-71,-99
1400505005,-84,-71,-99
1400505005,-84,-71,-99
1400505006,-84,-71,-99
1400505006,-84,-71,-99
1400505006,-84,-71,-99
1400505006,-84,-71,-99
1400505007,-84,-70,-99
1400505007,-84,-70,-99
1400505007,-81,-70,-99
1400505008,-81,-68,-99
1400505008,-81,-68,-99
1400505008,-81,-68,-99
1400505009,-81,-70,-99
1400505009,-81,-70,-99
1400505009,-80,-70,-99
1400505032,-82,-66,-99
1400505033,-82,-66,-99
1400505033,-81,-66,-99
1400505033,-81,-67,-99
1400505034,-81,-67,-99
1400505034,-80,-67,-99
1400505034,-80,-67,-99
1400505034,-80,-67,-99
1400505034,-79,-67,-99
1400505035,-79,-66,-99
1400505036,-79,-66,-99
1400505036,-79,-66,-99
1400505036,-79,-62,-99
1400505037,-79,-62,-99
1400505037,-79,-62,-99
1400505037,-79,-64,-99
1400505038,-79,-64,-99
1400505038,-82,-64,-99
1400505038,-82,-66,-99
1400505039,-82,-66,-99
1400505039,-83,-66,-99
1400505039,-83,-68,-99
1400505039,-83,-68,-99
1400505040,-84,-68,-99
1400505040,-84,-72,-99
1400505040,-84,-72,-99
1400505040,-84,-72,-99
1400505041,-84,-71,-99
1400505041,-84,-71,-99
1400505041,-83,-71,-99
1400505042,-83,-70,-99
1400505042,-83,-70,-99
1400505043,-83,-70,-99
1400505043,-83,-71,-99
1400505043,-83,-71,-99
1400505043,-82,-71,-99
1400505044,-82,-72,-99
1400505045,-82,-72,-99
1400505045,-83,-72,-99
1400505045,-83,-68,-99
1400505046,-83,-68,-99
1400505046,-83,-68,-99
1400505046,-83,-69,-99
1400505047,-83,-69,-99
1400505047,-82,-69,-99
1400505047,-82,-70,-99
1400505048,-82,-70,-99
1400505048,-83,-70,-99
1400505048,-83,-71,-99
1400505048,-83,-71,-99
1400505048,-80,-71,-99
1400505049,-80,-70,-99
1400505050,-80,-70,-99
1400505050,-78,-70,-99
1400505050,-78,-67,-99
1400505051,-78,-67,-99
1400505051,-80,-67,-99
1400505051,-80,-64,-99
1400505052,-80,-64,-99
1400505052,-79,-64,-99
1400505052,-79,-64,-99
1400505052,-79,-64,-99
1400505052,-77,-64,-99
1400505053,-77,-63,-99
1400505054,-77,-63,-99
1400505054,-77,-63,-99
1400505054,-77,-61,-99
1400505055,-77,-61,-99
1400505055,-80,-61,-99
1400505055,-80,-59,-99
1400505056,-80,-59,-99
1400505056,-80,-59,-99
1400505056,-80,-64,-99
1400505056,-80,-64,-99
1400505057,-78,-64,-99
1400505057,-78,-65,-99
1400505057,-78,-65,-99
1400505058,-79,-65,-99
1400505058,-79,-67,-99
1400505059,-79,-67,-99
1400505059,-82,-67,-99
1400505059,-82,-70,-99
1400505059,-82,-70,-99
1400505060,-82,-70,-99
1400505060,-82,-71,-99
1400505060,-82,-71,-99
1400505061,-84,-71,-99
1400505061,-84,-70,-99
1400505061,-84,-70,-99
1400505061,-84,-70,-99
1400505062,-84,-70,-99
1400505062,-84,-70,-99
1400505063,-83,-70,-99
1400505063,-83,-72,-99
1400505064,-83,-72,-99
1400505064,-83,-72,-99