1400504308,-76,-80,-64
1400504308,-76,-80,-64
1400504308,-77,-80,-64
1400504338,-71,-76,-65
1400504338,-71,-76,-67
1400504338,-74,-76,-67
1400504339,-74,-80,-67
1400504339,-74,-80,-65
1400504339,-79,-80,-65
1400504340,-79,-81,-65
1400504340,-79,-81,-68
1400504340,-81,-81,-68
1400504341,-81,-79,-68
1400504341,-81,-79,-73
1400504341,-81,-79,-73
1400504342,-81,-82,-73
1400504342,-81,-82,-76
1400504342,-81,-82,-76
1400504343,-81,-83,-76
1400504343,-81,-83,-76
1400504343,-85,-83,-76
1400504344,-85,-82,-76
1400504344,-85,-82,-75
1400504344,-86,-82,-75
1400504345,-86,-80,-75
1400504345,-86,-80,-77
1400504345,-84,-80,-77
1400504346,-84,-70,-77
1400504346,-84,-70,-75
1400504346,-79,-70,-75
1400504347,-79,-71,-75
1400504347,-79,-71,-76
1400504347,-77,-71,-76
1400504348,-77,-81,-76
1400504348,-77,-81,-77
1400504348,-81,-81,-77
1400504349,-81,-80,-77
1400504349,-81,-80,-75
1400504349,-79,-80,-75
1400504350,-79,-78,-75
1400504350,-79,-78,-73
1400504350,-77,-78,-73
1400504351,-77,-78,-73
1400504351,-77,-78,-72
1400504351,-78,-78,-72
1400504352,-78,-78,-72
1400504352,-78,-78,-70
1400504352,-78,-78,-70
1400504353,-78,-79,-70
1400504353,-78,-79,-68
1400504353,-78,-79,-68
1400504354,-78,-78,-68
1400504354,-78,-78,-67
1400504354,-80,-78,-67
1400504355,-80,-76,-67
1400504355,-80,-76,-66
1400504355,-77,-76,-66
1400504356,-77,-71,-66
1400504356,-77,-71,-63
1400504356,-72,-71,-63
1400504357,-72,-74,-63
1400504357,-72,-74,-64
1400504357,-74,-74,-64
1400504358,-74,-81,-64
1400504358,-74,-81,-69
1400504358,-80,-81,-69
1400504359,-80,-82,-69
1400504359,-80,-82,-72
1400504359,-81,-82,-72
1400504360,-81,-81,-72
1400504360,-81,-81,-73
1400504360,-81,-81,-73
1400504361,-81,-80,-73
1400504361,-81,-80,-73
1400504361,-82,-80,-73
1400504362,-82,-80,-73
1400504362,-82,-80,-77
1400504362,-84,-80,-77
1400504363,-84,-80,-77
1400504363,-84,-80,-77
1400504363,-83,-80,-77
1400504364,-83,-79,-77
1400504364,-83,-79,-76
1400504364,-84,-79,-76
1400504365,-84,-73,-76
1400504365,-84,-73,-76
1400504365,-81,-73,-76
1400504366,-81,-66,-76
1400504366,-81,-66,-76
1400504366,-79,-66,-76
1400504367,-79,-74,-76
1400504367,-79,-74,-77
1400504367,-80,-74,-77
1400504368,-80,-76,-77
1400504368,-80,-76,-76
1400504368,-80,-76,-76
1400504369,-80,-77,-76
1400504369,-80,-77,-76
1400504369,-82,-77,-76
1400504370,-82,-76,-76
1400504370,-82,-76,-75
1400504370,-83,-76,-75
1400504371,-83,-77,-75
1400504371,-83,-77,-74
1400504371,-81,-77,-74
1400504372,-81,-74,-74
1400504372,-81,-74,-71
1400504372,-77,-74,-71
1400504373,-77,-73,-71
1400504373,-77,-73,-68
1400504373,-74,-73,-68
1400504374,-74,-78,-68
1400504374,-74,-78,-65
1400504374,-73,-78,-65
1400504375,-73,-73,-65
1400504375,-73,-73,-65
1400504375,-74,-73,-65
1400504376,-74,-73,-65
1400504376,-74,-73,-63
1400504376,-76,-73,-63
1400504377,-76,-79,-63
1400504377,-76,-79,-66
1400504377,-80,-79,-66
1400504378,-80,-81,-66
1400504378,-80,-81,-69
1400504378,-82,-81,-69
1400504379,-82,-80,-69
1400504379,-82,-80,-72
1400504379,-82,-80,-72
1400504380,-82,-81,-72
1400504380,-82,-81,-78
1400504380,-83,-81,-78
1400504381,-83,-82,-78
1400504381,-83,-82,-78
1400504381,-84,-82,-78
1400504382,-84,-79,-78
1400504382,-84,-79,-80
1400504382,-84,-79,-80
1400504383,-84,-75,-80
1400504383,-84,-75,-81
1400504383,-83,-75,-81
1400504384,-83,-74,-81
1400504384,-83,-74,-77
1400504384,-82,-74,-77
1400504385,-82,-73,-77
1400504385,-82,-73,-77
1400504385,-83,-73,-77
1400504386,-83,-71,-77
1400504386,-83,-71,-77
1400504386,-83,-71,-77
1400504396,-75,-73,-70
1400504396,-75,-73,-69
1400504396,-75,-73,-69
1400504397,-75,-70,-69
1400504397,-75,-70,-71
1400504397,-73,-70,-71
1400504398,-73,-65,-71
1400504398,-73,-65,-72
1400504398,-76,-65,-72
1400504399,-76,-71,-72
1400504399,-76,-71,-72
1400504399,-81,-71,-72
1400504400,-81,-78,-72
1400504400,-81,-78,-73
1400504400,-80,-78,-73
1400504401,-80,-76,-73
1400504401,-80,-76,-76
1400504401,-81,-76,-76
1400504402,-81,-76,-76
1400504402,-81,-76,-74
1400504402,-80,-76,-74
1400504403,-80,-83,-74
1400504403,-80,-83,-72
1400504403,-78,-83,-72
1400504404,-78,-72,-72
1400504404,-78,-72,-72
1400504404,-76,-72,-72
1400504405,-76,-69,-72
1400504405,-76,-69,-69
1400504405,-73,-69,-69
1400504406,-73,-67,-69
1400504406,-73,-67,-71
1400504406,-74,-67,-71
1400504407,-74,-71,-71
1400504407,-74,-71,-71
1400504407,-78,-71,-71
1400504408,-78,-75,-71
1400504408,-78,-75,-74
1400504408,-80,-75,-74
1400504409,-80,-76,-74
1400504409,-80,-76,-75
1400504409,-81,-76,-75
1400504410,-81,-78,-75
1400504410,-81,-78,-76
1400504410,-82,-78,-76
1400504411,-82,-84,-76
1400504411,-82,-84,-75
1400504411,-79,-84,-75
1400504412,-79,-82,-75
1400504412,-79,-82,-76
1400504412,-77,-82,-76
1400504413,-77,-70,-76
1400504413,-77,-70,-76
1400504413,-74,-70,-76
1400504414,-74,-69,-76
1400504414,-74,-69,-74
1400504414,-73,-69,-74
1400504415,-73,-66,-74
1400504415,-73,-66,-72
1400504415,-76,-66,-72
1400504416,-76,-69,-72
1400504416,-76,-69,-71
1400504416,-78,-69,-71
1400504417,-78,-75,-71
1400504417,-78,-75,-72
1400504417,-81,-75,-72
1400504418,-81,-77,-72
1400504418,-81,-77,-74
1400504418,-80,-77,-74
1400504419,-80,-81,-74
1400504419,-80,-81,-76
1400504419,-79,-81,-76
1400504420,-79,-83,-76
1400504420,-79,-83,-75
1400504420,-77,-83,-75
1400504421,-77,-84,-75
1400504421,-77,-84,-72
1400504421,-76,-84,-72
1400504424,-81,-82,-68
1400504425,-81,-81,-68
1400504425,-81,-81,-67
1400504425,-81,-81,-67
1400504426,-81,-78,-67
1400504426,-81,-78,-69
1400504426,-79,-78,-69
1400504427,-79,-80,-69
1400504427,-79,-80,-72
1400504427,-79,-80,-72
1400504428,-79,-81,-72
1400504428,-79,-81,-70
1400504428,-81,-81,-70
1400504429,-81,-83,-70
1400504429,-81,-83,-67
1400504429,-79,-83,-67
1400504430,-79,-79,-67
1400504430,-79,-79,-66
1400504430,-78,-79,-66
1400504431,-78,-73,-66
1400504431,-78,-73,-65
1400504431,-75,-73,-65
1400504432,-75,-73,-65
1400504432,-75,-73,-64
1400504432,-72,-73,-64
1400504433,-72,-76,-64
1400504433,-72,-76,-66
1400504433,-74,-76,-66
1400504434,-74,-80,-66
1400504434,-74,-80,-65
1400504434,-75,-80,-65
1400504435,-75,-80,-65
1400504435,-75,-80,-66
1400504435,-76,-80,-66
1400504436,-76,-80,-66
1400504436,-76,-80,-69
1400504436,-77,-80,-69
1400504437,-77,-80,-69
1400504437,-77,-80,-66
1400504437,-75,-80,-66
1400504438,-75,-75,-66
1400504438,-75,-75,-62
1400504438,-72,-75,-62
1400504439,-72,-74,-62
1400504439,-72,-74,-59
1400504439,-73,-74,-59
1400504440,-73,-76,-59
1400504440,-73,-76,-57
1400504440,-77,-76,-57
1400504441,-77,-79,-57
1400504441,-77,-79,-59
1400504441,-79,-79,-59
1400504442,-79,-81,-59
1400504442,-79,-81,-63
1400504442,-77,-81,-63
1400504443,-77,-81,-63
1400504443,-77,-81,-64
1400504443,-79,-81,-64
1400504444,-79,-75,-64
1400504444,-79,-75,-63
1400504444,-75,-75,-63
1400504445,-75,-71,-63
1400504445,-75,-71,-66
1400504445,-72,-71,-66
1400504446,-72,-73,-66
1400504446,-72,-73,-66
1400504446,-73,-73,-66
1400504447,-73,-73,-66
1400504447,-73,-73,-68
1400504447,-73,-73,-68
1400504448,-73,-72,-68
1400504448,-73,-72,-66
1400504448,-72,-72,-66
1400504449,-72,-78,-66
1400504449,-72,-78,-64
1400504449,-74,-78,-64
1400504450,-74,-76,-64
1400504450,-74,-76,-67
1400504450,-76,-76,-67
1400504451,-76,-79,-67
1400504451,-76,-79,-68
1400504451,-79,-79,-68
1400504452,-79,-80,-68
1400504452,-79,-80,-70
1400504452,-77,-80,-70
1400504453,-77,-79,-70
1400504453,-77,-79,-71
1400504453,-76,-79,-71
1400504454,-76,-80,-71
1400504454,-76,-80,-72
1400504454,-80,-80,-72
1400504455,-80,-80,-72
1400504455,-80,-80,-68
1400504455,-79,-80,-68
1400504456,-79,-77,-68
1400504456,-79,-77,-67
1400504456,-78,-77,-67